#####
###   ELA 2020-2021 configurations (accounting for skipped year in 2019-2020)
#####

ELA_PSAT_10_2020_2021.config <- list(
     ELA.2020_2021 = list(
                 sgp.content.areas = c('ELA', 'ELA', 'ELA_PSAT_10'),
                 sgp.panel.years = c('2017_2018', '2018_2019', '2020_2021'),
                 sgp.grade.sequences = list(c('7', '8', 'EOCT')))
)
